0.00028199147928400799
0.00042653856915567063
-0.00547604875773823907
-0.00558128046541963633
0.00049142696164003417
0.01074968978850614422
0.00092377123640121816
0.0022933896223647791
0.00225669951303440165
0.000045822465711013726471
0.00011304492732892646
-0.00105760095327084264
-0.00113892349314027209
-0.0011827639106714716
-0.00033586651249152066
-0.00042632931505874702
-0.00049233224258731411
-0.00050489530069343663
0.00108966538346361287
0.00112436581162623916
-0.00049168222390967757
-0.00047298683060905891
-0.00028892839127819744
-0.000057500035356869258824
-0.000078544552008005873529
0.00021216157726274091
0.00015388834788540679
-0.00050390650366376964
-0.000533294796947416
0.00004385678236016336049
-0.00053647175345894215
-0.00021850179874512295
0.00046773962280941941
0.00077574856040043733
-0.00232549708400448864
-0.00246578323161091557
-0.00049147062215510452
-0.00034252609400151638
-0.000046891631240071960784
0.00291722786019062952
-0.00024634890816971955
-0.00222246564095964804
-0.0065184543913485329
-0.00643166329544861022
-0.00146780833817119875
-0.00132251301116746852
-0.00125609303404952473
0.00228472654738014996
-0.00409595498471298567
-0.00411717863981857159
-0.00060831869408566257
0.0015736172461892141
0.00156046488724285756
0.00092324051688894598
0.00224331464259728558
0.00221504280428589705
-0.00205237816477950734
-0.00204995535303032799
-0.00178283324128723058
-0.00180287325436975269
0.00052107782080242506
0.00045711154910337263
-0.00472398510756292786
-0.00476455115360962317
-0.00011404192384808604
-0.00016364275442660654
-0.00368839135442203837
0.000023624300050167462745
-0.000027531544309787733333
0.00719624759192517949
-0.00045590145848950865
0.00043737768361992051
0.00049266830591880622
-0.0008356541749544531
0.00161437490555692473
-0.00037492762345545668
-0.00042596424665848403
-0.00184420945895213714
0.00016952256747651809
0.00023197543312960442
0.000021528623344854445098
0.000052293159500082719608
0.00033617575524177156
-0.000089140453641538896078
-0.000090099862337638139216
0.00046060122865117989
0.00053711891283217431
0.00053284689750862837
0.00051197685027025877
0.00107787267499084857
-0.00075569851156338648
-0.00070599493709586579
0.00111088804371942889
0.00103752769176333031
-0.00043016681302826536
-0.00058515385392060869
-0.00601643947054734641
-0.00593026893885588385
-0.00838461669492422503
-0.00096235248899295958
-0.00097712022077078769
-0.00039565968777046155
-0.0004352353819568229
0.00127566480331515888
0.00069257913540399961
-0.00194482293417001233
-0.00171723618483052643
-0.00063603394732031352
0.00149250894188707742
-0.00066647434159947937
-0.00013046911589915886
-0.0001831008030458809
-0.00052053223975912572
-0.00036319087670946816
-0.00030267642102939025
-0.00113748054400639217
-0.00092831092727724048
-0.00089834310903736062
-0.000066001051790063764706
-0.00005186111657559497549
-0.00798849039318468931
-0.00796161997680729248
0.00293240016610255206
0.00295478846643270309
0.000100200478488928781373
0.00013733364059621898
0.00084387328218859234
0.00084060150159934852
-0.00446554983976975538
-0.00455572976992328725
0.00207450514601863714
0.00206743407300309194
-0.00096923742731677171
-0.00090814651471828411
-0.00075476409073701964
0.00132752663176427713
0.00145664482193644544
0.00115954951822444779
-0.00085796473615946425
-0.000748140972346622
-0.0003848665238786599
0.000054499266113138423529
0.00016738490949514938
-0.00099029348477667624
0.00044274282881228877
-0.00238161916135292379
-0.00103955197106053018
0.00088702147525676765
-0.00071256283771761073
0.000000606751405771370588
-0.00011582627288787105
0.000077307486138481781373
0.000029568277059514442157
-0.00190541276523357976
-0.00186897805869789521
-0.00272693838260713699
-0.00263260371174623697
-0.0034382957768270515
-0.00343991851545806662
-0.00278937050157264694
-0.00335792696933402131
-0.00341282588758822635
-0.00250803383007147676
-0.00254158730450357965
-0.00050792481036658219
-0.00067479854502460413
0.00207132223493516418
0.00233645075882128519
-0.00054766185651176129
-0.00179695184429590303
-0.00097794405392989875
-0.00189180858532157848
-0.00020840205286054405
-0.000251859066860343364
-0.00092557835736026656
-0.00097222847654658832
-0.00643908124129497806
-0.00640319760182318235
-0.00172242928186162176
0.00030144008682600101
0.00027626219471609753
-0.00106980710364430171
-0.00117500488577160157
-0.00082829994898952323
-0.00070348338369398043
0.000074617362850103828431
0.00094911508084132673
0.00070389494844040532
-0.00057813873342674797
-0.00062906043287837798
0.00029008271956685735
0.00039927970291021751
-0.00053124808689286535
-0.00053438539059297583
0.44397214521594849255
0.42111521645938691412
0.00143281454253014424
0.00136487630632014845
-0.00198938946097075757
0.00154941507610429885
0.00384436329298224496
0.0039250734824432765
0.00018098117527854988
0.00011128027050025846
0.00027453387101356742
-0.00045474673615705365
-0.00167606316593155771
-0.00186850992510721177
-0.0011591529169325857
-0.00082471313506907556
-0.00086807274556843434
-0.00120093876259088697
0.00041368674274077546
-0.00220473903339220489
-0.00214654849274878229
-0.00091284119839506011
-0.00300133324975604925
-0.00303129554504479332
0.00192703508557504764
-0.00470244106764024304
-0.00059726074000502427
-0.00062970187344334061
-0.00412388028878612782
-0.00155873942196310336
0.00195637252397156065
0.00194412577939927627
-0.00375210068681678636
-0.00373825494092083071
0.00061406989176984323
0.00046949527092833916
-0.00244887680218297364
-0.00843841474197459272
-0.00837299883481811548
0.99307279145616331627
-0.00266489532569716418
-0.00287802139311891388
-0.00150326622032408833
-0.00103579901247533119
-0.00115451909592365282
-0.00522187485753179395
-0.00520096892531427042
-0.00137917637917637961
-0.00061726483462162615
-0.00056220363072736426
-0.00102611033540905961
-0.00056532942902157635
-0.0013415571108068092
-0.00131974586385760094
0.00012450831325427846
-0.00085226148520292936
-0.0007828267106206271
-0.00954844404880758029
-0.00931759331491155901
-0.00702382258790330963
-0.00685075332855706031
-0.00677168683491954542
-0.00667595731859506586
-0.00165398220119275322
-0.01160517728391213251
-0.01156794016370263185
0.0016032682329430806
0.00155721629797794754
-0.00382293425848604581
-0.00375883265474575246
-0.00026343031898930783
-0.00028434120364353248
0.0002413619280533557
0.00023297059283796302
0.00199306370986211015
-0.00055430120491345791
-0.00044572670663525375
-0.00109983064741801728
0.00266745429270531725
0.00190465880859858499
0.00220814030038875563
0.00032659162989928476
0.000059776502018974532353
-0.00056958315579336644
-0.0003445421057616725
-0.00035793842722694146
0.00115253658965407735
0.00093987919046074377
0.00194273379095900623
-0.00051275909978421218
-0.00105237209948272837
-0.00106680601669161367
-0.00026107294851672837
-0.00028849966117969957
0.00028180881277291267
0.00037722728534568386
-0.00031859737069930893
0.00392156862745097843
0.00154261703120677154
-0.00144466369467433985
-0.00140881308392318809
0.00163398692810457549
0.00023466499404397765
-0.0005926703399378727
0.00234617635523656312
-0.0025138610362547893
-0.0024169081659907339
0.000136912994517703
0.00007001828936243577549
0.00040939452704158627
0.00021547080370609843
0.00116354234001292951
-0.00062070167581444587
-0.00717199442528489441
-0.00717373670652246915
0.00043671284607131069
0.000058175897553605056275
0.00109060852606047884
-0.0003305526959240032
-0.00023349296404163405
0.00283873800666075831
-0.00062567133202790478
0.00013462915594962845
-0.00600941187289280583
-0.00097274510103517837
0.00053151041417072152
0.00050719930954554958
-0.00204439891935454407
-0.00199648289704220339
0.00072805074891792274
0.00065498402360552711
0.0007354655378273679
0.00079702331930241545
0.00105488472139537659
0.00091555743854815655
0.00136107312128640863
-0.00191112886421401719
-0.00599771915376366661
0.00088492582852510494
-0.00215306112590069024
0.0002175530288147868
0.00013966495434946154
-0.0007708773091669908
-0.0008287890675438558
0.01960784313725490294
-0.00017837933963543521
0.00379588159080633354
0.00125599100291416446
0.00129453916238281795
-0.00039359693920173517
-0.00367596242546371193
0.00160552624653320332
0.00157833910300625124
0.0021840206029292201
-0.0042013938890801286
-0.0041648392351430065
-0.00366337659847339453
-0.00365087385958774466
0.07866179834835327618
0.07916413838961635804
-0.00339674431532433011
-0.00333159519218114628
-0.00363732458462818919
-0.00356437427924676007
-0.00183017838300845922
0.00065338055487373716
0.00078483127267545047
0.00062485129588660298
0.00062109620341530273
-0.0019482662709291257
-0.00125480572953004061
0.00018776938408239884
0.00011280209892782908
0.00010837707570208273
0.00007435443879331744902
-0.00144233552066748265
0.00069022004700634943
-0.00057670251542278509
