0.00028199147928400799
0.00042653856915567063
-0.00547604875773823907
-0.00558128046541963633
0.00049142696164003417
0.01074968978850614422
0.00092377123640121816
0.0022933896223647791
0.00225669951303440165
0.000045822465711013726471
0.00011304492732892646
-0.00105760095327084264
-0.00113892349314027209
-0.0011827639106714716
-0.00033586651249152066
-0.00042632931505874702
-0.00049233224258731411
-0.00050489530069343663
0.00108966538346361287
0.00112436581162623916
-0.00049168222390967757
-0.00047298683060905891
-0.00028892839127819744
-0.000057500035356869258824
-0.000078544552008005873529
0.00021216157726274091
0.00015388834788540679
-0.00050390650366376964
-0.000533294796947416
0.00004385678236016336049
-0.00053647175345894215
-0.00021850179874512295
0.00046773962280941941
0.00077574856040043733
-0.00232549708400448864
-0.00246578323161091557
-0.00049147062215510452
-0.00034252609400151638
-0.000046891631240071960784
0.00291722786019062952
-0.00024634890816971955
-0.00222246564095964804
-0.0065184543913485329
-0.00643166329544861022
-0.00146780833817119875
-0.00132251301116746852
-0.00125609303404952473
0.00228472654738014996
-0.00409595498471298567
-0.00411717863981857159
