0.00028199147928400799
0.00042653856915567063
-0.00547604875773823907
-0.00558128046541963633
0.00049142696164003417
0.01074968978850614422
0.00092377123640121816
0.0022933896223647791
0.00225669951303440165
0.000045822465711013726471
0.00011304492732892646
-0.00105760095327084264
-0.00113892349314027209
-0.0011827639106714716
-0.00033586651249152066
-0.00042632931505874702
-0.00049233224258731411
-0.00050489530069343663
0.00108966538346361287
0.00112436581162623916
-0.00049168222390967757
-0.00047298683060905891
-0.00028892839127819744
-0.000057500035356869258824
-0.000078544552008005873529
0.00021216157726274091
0.00015388834788540679
-0.00050390650366376964
-0.000533294796947416
0.00004385678236016336049
-0.00053647175345894215
-0.00021850179874512295
0.00046773962280941941
0.00077574856040043733
-0.00232549708400448864
-0.00246578323161091557
-0.00049147062215510452
-0.00034252609400151638
-0.000046891631240071960784
0.00291722786019062952
-0.00024634890816971955
-0.00222246564095964804
-0.0065184543913485329
-0.00643166329544861022
-0.00146780833817119875
-0.00132251301116746852
-0.00125609303404952473
0.00228472654738014996
-0.00409595498471298567
-0.00411717863981857159
-0.00060831869408566257
0.0015736172461892141
0.00156046488724285756
0.00092324051688894598
0.00224331464259728558
0.00221504280428589705
-0.00205237816477950734
-0.00204995535303032799
-0.00178283324128723058
-0.00180287325436975269
0.00052107782080242506
0.00045711154910337263
-0.00472398510756292786
-0.00476455115360962317
-0.00011404192384808604
-0.00016364275442660654
-0.00368839135442203837
0.000023624300050167462745
-0.000027531544309787733333
0.00719624759192517949
-0.00045590145848950865
0.00043737768361992051
0.00049266830591880622
-0.0008356541749544531
0.00161437490555692473
-0.00037492762345545668
-0.00042596424665848403
-0.00184420945895213714
0.00016952256747651809
0.00023197543312960442
0.000021528623344854445098
0.000052293159500082719608
0.00033617575524177156
-0.000089140453641538896078
-0.000090099862337638139216
0.00046060122865117989
0.00053711891283217431
0.00053284689750862837
0.00051197685027025877
0.00107787267499084857
-0.00075569851156338648
-0.00070599493709586579
0.00111088804371942889
0.00103752769176333031
-0.00043016681302826536
-0.00058515385392060869
-0.00601643947054734641
-0.00593026893885588385
-0.00838461669492422503
-0.00096235248899295958
