-0.01869093296514856799 -0.00542415875002192463 -0.00420377253786861093 0.00332733606271490333 0.00118830428136108583 
-0.01210853550030897799 -0.02440843902164436063 0.02599276608296619907 0.02733860264115185633 0.00015477659247951353 
0.00301398742645099501 0.00816103205231325537 0.01718565063127453907 0.00296347941829921733 -0.00065371193405158887 
-0.00945630340588951299 0.01567575837614387937 0.00712078559984350207 -0.00359829497921604867 0.00490381541553645483 
-0.00489028641015958399 -0.03721433578763929063 0.02219845678449408907 0.00035533518414081633 -0.00008222817286844887 
0.03799552048243848201 -0.00281213822215935763 0.00046770151232922407 -0.01282362751004048367 0.00040917890048539563 
0.01840357553102527201 0.00473031574970982137 -0.00028100363143850293 -0.00380143558396307967 -0.00082197815575622287 
-0.02013758714715404799 -0.00563053523859780263 -0.02604178370009975093 -0.00158204331681532067 -0.00114593076594339667 
0.00695564422638547301 -0.00519140287410698663 -0.00847993621273948093 0.02782054426910061633 -0.00632209132888976717 
-0.01243265976603977799 -0.00414170884779344163 -0.02022145491333371093 0.04038969924577581633 -0.00195472262865897517 
0.00856756604283988601 0.00633437108050628337 0.01905964964684665907 0.00705100415736555033 -0.00830074934022947617 
0.01517499776802782201 -0.01622969920128209063 0.02691903563967567907 0.00076950576969362433 0.00564103419943927983 
-0.00225049541629188199 0.00037877651036919347 -0.00098482704987123693 -0.00727147169998969367 0.00943988148824823783 
-0.01894865814595067799 0.00037942556544033987 0.00139441610467701407 -0.02396081702350207367 -0.01285920564349520417 
-0.00556251953208928899 0.02242558184394034937 -0.02344957107697250093 -0.01183526525301287367 0.00048688707716642263 
-0.01102745823549622799 -0.00376623322564422063 0.02318527469318524907 0.01956214875092368633 -0.00350599738535465517 
0.01126692156419425201 0.00380758347318555037 0.00874305202474150607 0.02892465395939553633 -0.00174592223637449917 
0.00043485439885219271 0.00107009400754674837 -0.01710938957807157093 -0.00335393919206360967 -0.00108179552029736747 
-0.00309295423402750799 -0.00734353461658650063 -0.00858782466740093093 0.01840179328593245633 -0.00495073576877492817 
0.00042572260422625391 -0.03452519735524342063 0.00489329817498765627 0.01088833126147725633 0.00551674415107325583 
-0.03979974097693973799 -0.00607753314420087863 0.00010274559031742507 0.01863811610290043633 0.00296516467823134883 
-0.02025621828340771799 -0.00178094037502474463 -0.00598607033647479093 -0.00128370809293276567 -0.00073252637496479507 
0.02278986086086101201 -0.00937508443045320963 -0.01526469198300250093 0.01404281892695809733 0.00152177967388903683 
-0.01840496882556232799 0.01203099257467218937 -0.01555368293189193093 0.02041344283856561633 0.00193027145618366583 
-0.00798912057369633899 0.02274843246213053937 0.02019275221616354907 0.04282824402817267633 -0.00162100579010542117 
0.00488263085770759901 0.01822313093037218937 0.02498092497679299907 0.01704729193143110633 0.00072030258032619883 
0.03445414746527177201 0.01272820909886632937 0.00773168785548260007 0.00476294985985498813 0.00023613973197354703 
-0.00493624679843294399 0.00100339470062507337 0.00169103740270417407 0.00640028128442045543 -0.00024884589913498037 
0.02126683006953754201 -0.00304122837186543963 0.01618760193294864907 0.00978296113768854333 0.00471055629447635983 
-0.00962155118575498899 0.00028706752028295927 0.00547604875773823907 -0.00522503707406498367 -0.00203338443607600217 
-0.00887987507716760499 -0.02592491594514084063 0.01396370307872589307 -0.00673399047054095367 0.00154125862255380283 
0.00897726777997525101 -0.00290904816067000163 0.04440548914703263907 -0.65561482523694476367 0.00172059991039011483 
-0.04282125849499081799 -0.00759660354786954063 0.01862313174869961907 0.01598038108374453633 0.00000037631704849043 
-0.03380507813330045799 -0.01182064044583127063 0.00465503069534086637 -0.00139611278046370167 0.00172659653297920483 
0.01809071193278948201 -0.00064990242888316673 0.00883175345572481607 -0.00818145006031667367 -0.00677714124735432017 
0.00037460733883811931 0.01684226397572048937 -0.00362237969552892493 0.01223132202817940333 0.00163553638914530583 
-0.03329786449515702799 0.02520851153571498937 -0.65869061790892846093 -0.00700421885058583367 -0.00098222450765230417 
-0.03933019160130962799 -0.01696123814996610063 0.01784950207607344907 0.00970215958629875733 0.00230003445051103283 
0.01709851752133672201 -0.01697187278490683063 -0.00509712876034746093 0.06711525538522132633 0.00661953715279687583 
0.00345632627772533801 -0.02705312220669057063 -0.00716131387962440093 -0.00335501241437281067 -0.00926119993106877017 
0.00535710626507689401 -0.00894261265900025263 0.01294906287343156907 0.00760323309395805333 0.00810574589113338083 
-0.02053981836694514799 0.01163982643838580937 -0.00628543920725082093 0.00789743564781685633 -0.00982421451792329217 
0.00699073579344326501 0.00346703703110390137 0.00932009049304850807 0.03208304724987193633 0.00767419494532136583 
-0.01047995188720242799 0.00457346143084432937 0.07539379258852553907 0.03280451095543778633 0.00083001340836326983 
-0.01330745033067536799 -0.00474526022754478763 -0.00441342186471667593 0.03006222251686060633 -0.00032621962643435107 
0.01109525402969803201 -0.01047356721387564063 0.00055564354789742807 0.03558447229433760633 -0.00327580170572323817 
0.02002570082840830201 -0.01649419184611127063 0.00403096205253592707 0.00782056389472225933 -0.00147318266809507787 
0.00590995898511227701 -0.00631136412611237463 0.00721316514453615407 -0.02841130297092152367 0.00270949227670533683 
-0.00704705912996051499 -0.00461239039000121263 0.02544081681410934907 0.01866131783695498633 -0.00319258109113172617 
-0.00028199147928400799 -0.00893452777853520963 0.03045347879084085907 0.01342811034614782233 -0.00016390710574877077 
-0.00511875085050528999 -0.00558756251630678563 0.03426861841718095907 -0.03013300524886607367 -0.00269730931458121017 
-0.01399695868262330799 -0.00248669514105513463 0.03479408572395875907 0.00106184690109303233 -0.00625862702662257017 
0.02918393853913220201 0.00809205690144478637 0.01740768371420389907 -0.01159372693760079367 0.00129879193330666583 
0.01089119287825789201 0.00774271153557830537 -0.03683401918543656093 -0.05243824533653294367 0.00113869774289986283 
0.01356319417206904201 0.01467020818823322937 -0.00005220677051728893 0.02029965012293449633 0.00016104836663661543 
0.01830775211045958201 -0.00170069444089064663 0.01634223938176803907 -0.02487975136773075367 0.00665495056423478083 
0.02738599271043931201 0.00298279448006657537 0.02252688551176412907 -0.00420132823023253867 -0.00204969810081825117 
0.01850995482944082201 -0.00509249827223096163 -0.03656871833240090093 -0.00183201050625100167 -0.00781862715703203917 
0.00511611918198454801 -0.01381846156559844063 0.00608137563425155627 -0.00386010427100837267 0.00219849804651125383 
-0.02225269720498307799 -0.01124728172962933063 -0.01031185711059658093 -0.01219306265668237367 0.00532967658841325783 
-0.00623831179695442499 -0.00912923033195672263 -0.05864438614608110093 0.01102028590442507533 -0.00252097721330426517 
-0.00363095330111923899 -0.00123543644579874443 0.02945549494671910907 -0.01397179216027868367 -0.00380884746491699817 
-0.00825541340619430599 0.00588196773935063737 -0.01003837693632817093 -0.00868655432807222367 -0.00032957537954081917 
-0.01080138661406375799 -0.00206286501628187263 -0.00435653163025006793 0.01467448582030723533 -0.00202665643804598117 
-0.00159260746879907999 0.02797060068200124937 -0.00400012918382532993 -0.00615112093248351367 -0.00057222198466661574 
-0.00159089200284421799 -0.00773495368713437163 -0.01210864221717772093 -0.01375776482221806367 -0.00307020043250795217 
-0.01953744719173586799 -0.01198484610269540063 0.01276961479055928707 -0.01008137013699000367 0.00534467581861448483 
0.02742249400884264201 -0.00942633402834977963 -0.01618552106896920093 0.02124452079826349633 -0.00733412539989474417 
0.04307657699972493201 -0.00103978468526360193 -0.01032530564406763093 0.01099466629219128933 0.00241508038536464883 
-0.01049997513051016799 -0.00144757185484078363 0.01153206692579274307 0.00656650214029648353 0.00031658855225783263 
-0.00299938278363183399 -0.00083478515009055533 0.00095457174191306907 0.00435126816529663533 0.00773667894467361083 
-0.00492698152573390799 0.00039062179856649487 -0.00301703544512514293 0.03313436438857433633 0.00549119883740930183 
-0.00226874644617142499 -0.00550783938216380063 0.00961834895267001307 -0.00837684515771097367 -0.00204612788627795217 
0.00170871854062309201 -0.00022645853714286553 -0.00066042645090191793 0.01304396703258381533 0.00312194250538796883 
0.01445344053679101201 0.00784459316374729437 0.01165041279824206707 0.00112362816229928033 -0.00155787486976144517 
0.01329574103938537201 0.01079337167156239937 -0.00203521814261228693 -0.00664963929974670367 -0.00983722135416339817 
-0.01566660686389939799 -0.01430704550940914063 -0.00197921963192378893 -0.01125373636959719367 0.00172114371770111083 
0.02720941745542389201 -0.00623583344095054263 0.01197930038355114607 0.03406851032789507633 -0.01339886916407447417 
-0.01850061496106537799 0.01710301707699190937 -0.00221816816953900093 0.02383584410632986633 -0.00464046698767322717 
-0.01490965105375209799 0.03132950769793160937 -0.00411097189122931193 -0.00253230979827204667 0.01219600095070137583 
0.01524805578607723201 0.02105573855221919937 -0.01475516511509413093 0.03026301598113800633 0.00400387340615726883 
0.00242620080236798901 -0.00414807972502257063 0.03656413165929263907 0.01608272441396255633 -0.01060469557005427417 
-0.00834109154644317499 0.00974595147949536937 0.01974031302200249907 0.01458790298197592733 -0.00899455547118599917 
0.02028003730755629201 0.02730073415811705937 0.02904162252823003907 -0.02248257123385945367 0.01482051309374357583 
0.00384739599490732101 0.00620809881359427237 0.01839594539856510907 0.01835833392043919633 -0.00228179154497336717 
-0.00096974938849996399 0.01443299242689726937 0.02309371901805903907 0.03018730755969666633 0.00763065032115592983 
-0.00370899627709072499 0.02651671369598500937 0.01691221897050419907 0.02416759417986626633 0.00861528717032453183 
-0.00301609947654989999 0.00340304496363513837 0.01380938209107157207 0.00249312774223041633 0.00183203167249821183 
0.04771227786169020201 0.01556958358304985937 0.03358849855693502907 0.02504321521069725633 0.00283885361449850583 
0.00403766294836178101 0.02543124362875581937 0.02960547020001956907 0.01686926888799561633 0.00100944854907454983 
-0.00028199147928400799 0.00306647540290021737 0.03395884627606874907 0.02595930763612252633 0.00176496615218246283 
-0.00813913433642686599 0.00107271180565692337 0.00070478858372757307 0.00440133946246978433 0.00277846488039903683 
-0.00099576735365945409 -0.00067635120967528093 0.01732575974039719907 0.02298824325053367633 -0.00665757978223831717 
-0.00454638380337782499 -0.01398001318719411063 0.02975076752624030907 0.03112760241063354633 0.00545995610625602583 
-0.00873865109873432499 0.00080711551423934537 0.01416388578589881407 -0.01076749337654221367 0.00152436339616275483 
0.01397317601893409201 0.00478179476417766237 0.04147853168759546907 -0.02494410843977555367 0.00734741322716643983 
-0.00806134084279178699 0.00685989359164834937 -0.01489488465667344093 -0.00861750249604081367 -0.00141774275111371837 
0.00326914488435235601 -0.00889689233098925263 0.00051978053616389507 0.00965460022102045033 0.00077332851896704883 
0.00903700493648660201 0.00132040428085680737 0.01045408682508816607 0.00441882769006363533 -0.00635898773280516417 
-0.02543922418368652799 -0.00366036941492681463 -0.02352594157493165093 -0.01574977755505818367 0.00625962789068064083 
0.01174063935522801201 -0.01383136430642109063 -0.00311596898062096293 0.00030056895902719533 -0.00636046360119734117 
-0.00028199147928400799 -0.00042653856915567063 0.00547604875773823907 0.00558128046541963633 -0.00049142696164003417 