-0.01869093296514856799 -0.00542415875002192463 -0.00420377253786861093 0.00332733606271490333 0.00118830428136108583 -0.02799106909885097422 -0.00494387173891378116 0.0013495976271798479 0.01198831473197984835 0.003267630151916554273529 
-0.01210853550030897799 -0.02440843902164436063 0.02599276608296619907 0.02733860264115185633 0.00015477659247951353 -0.07526581882076420422 -0.02110540594881292816 0.0033457081219961229 -0.02118100230187902165 -0.001543949806534983726471 
0.00301398742645099501 0.00816103205231325537 0.01718565063127453907 0.00296347941829921733 -0.00065371193405158887 -0.01074968978850614422 -0.01638768876217441816 0.0109641861352109809 -0.00225669951303440165 0.006178243924330479273529 
-0.00945630340588951299 0.01567575837614387937 0.00712078559984350207 -0.00359829497921604867 0.00490381541553645483 -0.05156601631911838422 -0.00192879636202935916 0.0168820657947013809 -0.01880976669901298165 0.008681450261561714273529 
-0.00489028641015958399 -0.03721433578763929063 0.02219845678449408907 0.00035533518414081633 -0.00008222817286844887 -0.04408302312183947422 -0.00806662837925836116 -0.0275270344821778591 -0.01143101143963990665 -0.003624920532998057726471 
0.03799552048243848201 -0.00281213822215935763 0.00046770151232922407 -0.01282362751004048367 0.00040917890048539563 0.07880254901746399578 -0.00793077824340822516 0.0027216555130414389 -0.00631761321861815865 0.021857500797128866273529 
0.01840357553102527201 0.00473031574970982137 -0.00028100363143850293 -0.00380143558396307967 -0.00082197815575622287 0.14442272400459735578 -0.02536169890013532816 0.0119632295222380709 0.01761085015583976835 -0.012986153163051053726471 
-0.02013758714715404799 -0.00563053523859780263 -0.02604178370009975093 -0.00158204331681532067 -0.00114593076594339667 -0.07526581882076420422 -0.01442425339647836816 0.0017965899277374709 0.01652783087370592835 0.010927110965159506273529 
0.00695564422638547301 -0.00519140287410698663 -0.00847993621273948093 0.02782054426910061633 -0.00632209132888976717 -0.01074968978850614422 -0.00092377123640121816 -0.0240540226589622091 -0.00340217488531389765 -0.017287201776055843726471 
-0.01243265976603977799 -0.00414170884779344163 -0.02022145491333371093 0.04038969924577581633 -0.00195472262865897517 0.02433802950973946578 -0.03299374208188226816 0.0016788050151724599 0.00235691063690792835 0.010062480783386456273529 
0.00856756604283988601 0.00633437108050628337 0.01905964964684665907 0.00705100415736555033 -0.00830074934022947617 -0.04199968978850614422 -0.00193082058181914316 0.0041791022870203349 -0.00338920234429147965 -0.028115997904307503726471 
0.01517499776802782201 -0.01622969920128209063 0.02691903563967567907 0.00076950576969362433 0.00564103419943927983 -0.09646397550279186422 -0.00715430083141679416 0.0209366988732104409 -0.01468607804410785165 -0.018737411250757743726471 
-0.00225049541629188199 0.00037877651036919347 -0.00098482704987123693 -0.00727147169998969367 0.00943988148824823783 -0.01074968978850614422 0.02182700435822132184 0.0248866783278051009 0.03486627032455260835 -0.024150056993398313726471 
-0.01894865814595067799 0.00037942556544033987 0.00139441610467701407 -0.02396081702350207367 -0.01285920564349520417 0.01866207491737620578 -0.01295987956137613816 0.0069444856663188239 -0.02619776765299757165 -0.010999430713133693726471 
-0.00556251953208928899 0.02242558184394034937 -0.02344957107697250093 -0.01183526525301287367 0.00048688707716642263 -0.02524244341169455422 0.01778530266444069184 0.0080277112950664109 -0.02033988215317907165 0.007746385326496778273529 
-0.01102745823549622799 -0.00376623322564422063 0.02318527469318524907 0.01956214875092368633 -0.00350599738535465517 0.06737531021149385578 0.00566756586341045784 -0.0170326186473080891 0.00228462655417722435 -0.000694751732420942326471 
0.01126692156419425201 0.00380758347318555037 0.00874305202474150607 0.02892465395939553633 -0.00174592223637449917 0.05591697687816052578 -0.01850008946026800816 -0.0147792012001173291 0.00414183796411367935 0.015774876281817006273529 
0.00043485439885219271 0.00107009400754674837 -0.01710938957807157093 -0.00335393919206360967 -0.00108179552029736747 -0.07324968978850614422 0.04655684891863754184 -0.0270640318241996391 -0.00771124496757985665 0.001935683478806819273529 
-0.00309295423402750799 -0.00734353461658650063 -0.00858782466740093093 0.01840179328593245633 -0.00495073576877492817 0.05591697687816052578 0.00984997998788869184 -0.0158680502558489391 0.00047803157174226235 0.004614630263982728273529 
0.00042572260422625391 -0.03452519735524342063 0.00489329817498765627 0.01088833126147725633 0.00551674415107325583 0.08015940112058476578 0.00996731787250967184 0.0004289334266370359 0.02297694534677867835 -0.008626680551519594726471 
-0.03979974097693973799 -0.00607753314420087863 0.00010274559031742507 0.01863811610290043633 0.00296516467823134883 -0.01074968978850614422 0.00907622876359878184 -0.0059231536877005321 -0.00412237115482544665 0.030566422432248166273529 
-0.02025621828340771799 -0.00178094037502474463 -0.00598607033647479093 -0.00128370809293276567 -0.00073252637496479507 0.04694261790380155578 0.00007722976459978284 -0.001385124408922454 0.00811087824379877835 -0.000045822465711013726471 
0.02278986086086101201 -0.00937508443045320963 -0.01526469198300250093 0.01404281892695809733 0.00152177967388903683 0.07258364354482718578 -0.00092377123640121816 0.0247588491836053709 -0.00694713103273421465 0.009569562149673602273529 
-0.01840496882556232799 0.01203099257467218937 -0.01555368293189193093 0.02041344283856561633 0.00193027145618366583 -0.05074968978850614422 0.01123428347484498184 -0.0004242307438601061 -0.00692523359333318765 0.042934120227698726273529 
-0.00798912057369633899 0.02274843246213053937 0.02019275221616354907 0.04282824402817267633 -0.00162100579010542117 -0.01074968978850614422 -0.01981045115687835816 -0.0032323567585150138 -0.00318953533392992405 0.023414588091473736273529 
0.00488263085770759901 0.01822313093037218937 0.02498092497679299907 0.01704729193143110633 0.00072030258032619883 -0.01074968978850614422 0.01013150514550833184 -0.0060352044025331611 0.00431607044001724135 0.010324547904659356273529 
0.03445414746527177201 0.01272820909886632937 0.00773168785548260007 0.00476294985985498813 0.00023613973197354703 -0.04921122825004460422 -0.00392978326044931416 -0.0013570600343497978 -0.01339876079437145165 0.012707365831363256273529 
-0.00493624679843294399 0.00100339470062507337 0.00169103740270417407 0.00640028128442045543 -0.00024884589913498037 0.07258364354482718578 0.00817632987583336184 0.0033563278917595149 -0.01599296324929814165 0.004468850220519234273529 
0.02126683006953754201 -0.00304122837186543963 0.01618760193294864907 0.00978296113768854333 0.00471055629447635983 0.03272857108105907578 -0.00495196861807292016 -0.0162209662240360891 0.02021521059932514835 0.007535678671514157273529 
-0.00962155118575498899 0.00028706752028295927 0.00547604875773823907 -0.00522503707406498367 -0.00203338443607600217 -0.01074968978850614422 0.00109439223483995284 -0.0178326949240101191 0.01121779519341410835 0.006824406541922574273529 
-0.00887987507716760499 -0.02592491594514084063 0.01396370307872589307 -0.00673399047054095367 0.00154125862255380283 0.01147253243371607578 -0.00092377123640121816 0.0201365169196912909 -0.02299185502670075165 -0.015083416450673423726471 
0.00897726777997525101 -0.00290904816067000163 0.04440548914703263907 -0.65561482523694476367 0.00172059991039011483 -0.05330288127786784422 0.02379301558131248184 0.0179964654500989909 0.01208364465522563835 -0.000797137266612591526471 
-0.04282125849499081799 -0.00759660354786954063 0.01862313174869961907 0.01598038108374453633 0.00000037631704849043 0.01008364354482718578 -0.00694182539888868016 -0.0286339352479527391 0.03236248940882513835 0.015209707663960996273529 
-0.03380507813330045799 -0.01182064044583127063 0.00465503069534086637 -0.00139611278046370167 0.00172659653297920483 0.03272857108105907578 0.01331834473511455184 0.0283390214448289009 0.00571937227161165935 -0.003845214562975451726471 
0.01809071193278948201 -0.00064990242888316673 0.00883175345572481607 -0.00818145006031667367 -0.00677714124735432017 0.01147253243371607578 0.02410229758528804184 0.0036708250893648429 -0.00721701697335186165 -0.095578468513820973726471 
0.00037460733883811931 0.01684226397572048937 -0.00362237969552892493 0.01223132202817940333 0.00163553638914530583 -0.03248882022328875422 -0.01328216464525806816 -0.0062537856619687391 -0.02266486277834052165 0.024759280298286156273529 
-0.03329786449515702799 0.02520851153571498937 -0.65869061790892846093 -0.00700421885058583367 -0.00098222450765230417 -0.09074968978850614422 0.03646939115676117184 -0.0198031172488239191 -0.01092721974424827365 0.029881184833559056273529 
-0.03933019160130962799 -0.01696123814996610063 0.01784950207607344907 0.00970215958629875733 0.00230003445051103283 0.00965847347679997578 -0.02184427332845142816 -0.0080960975527322841 -0.01743696516768336165 0.036262800832322266273529 
0.01709851752133672201 -0.01697187278490683063 -0.00509712876034746093 0.06711525538522132633 0.00661953715279687583 0.07813919910038274578 0.00012334918244694984 -0.0259005662040456091 0.01315755867579025835 0.014535911993229896273529 
0.00345632627772533801 -0.02705312220669057063 -0.00716131387962440093 -0.00335501241437281067 -0.00926119993106877017 0.06067888164006527578 -0.01011682537327558016 0.0169558885297045209 -0.00513854389343785965 0.006909355277720207273529 
0.00535710626507689401 -0.00894261265900025263 0.01294906287343156907 0.00760323309395805333 0.00810574589113338083 -0.11713266851191044422 -0.01303275206384823816 -0.0051724683171824371 0.00160058110413049735 0.004612562627456688273529 
-0.02053981836694514799 0.01163982643838580937 -0.00628543920725082093 0.00789743564781685633 -0.00982421451792329217 -0.07074968978850614422 -0.00494387173891378116 0.0015601749248413869 -0.00800933613815424865 -0.010038136070630306726471 
0.00699073579344326501 0.00346703703110390137 0.00932009049304850807 0.03208304724987193633 0.00767419494532136583 -0.08482376386258021422 0.01438235121257837184 -0.0070872534766313181 -0.02749034437284748165 -0.009939277564645563726471 
-0.01047995188720242799 0.00457346143084432937 0.07539379258852553907 0.03280451095543778633 0.00083001340836326983 -0.02893150797032432422 -0.00801596981796150216 0.0005182317459576199 0.00149564570272544835 -0.010587991140409803726471 
-0.01330745033067536799 -0.00474526022754478763 -0.00441342186471667593 0.03006222251686060633 -0.00032621962643435107 -0.01074968978850614422 -0.00796602475752797916 -0.0060282168866038081 -0.00785371443840753565 -0.000798267913416055126471 
0.01109525402969803201 -0.01047356721387564063 0.00055564354789742807 0.03558447229433760633 -0.00327580170572323817 -0.06247382771954062422 0.00008226498090260484 0.0109516434902180009 0.01385704456279497835 -0.000045822465711013726471 
0.02002570082840830201 -0.01649419184611127063 0.00403096205253592707 0.00782056389472225933 -0.00147318266809507787 -0.01074968978850614422 -0.00293180336491527416 0.0072577087539484979 0.01021930816450878835 -0.003046572653257900726471 
0.00590995898511227701 -0.00631136412611237463 0.00721316514453615407 -0.02841130297092152367 0.00270949227670533683 -0.01074968978850614422 -0.00092377123640121816 0.0241771986129293409 0.02131893899384182835 -0.000795447653117310526471 
-0.00704705912996051499 -0.00461239039000121263 0.02544081681410934907 0.01866131783695498633 -0.00319258109113172617 -0.05993001765735860422 0.00717339475550161584 0.0228322385183387409 0.02085887837641283835 -0.016270011256271483726471 
-0.00028199147928400799 -0.00893452777853520963 0.03045347879084085907 0.01342811034614782233 -0.00016390710574877077 -0.10030192859447628422 0.01449246720141995184 0.0099141383532201609 0.00995082846255053835 -0.011707630045885943726471 
-0.00511875085050528999 -0.00558756251630678563 0.03426861841718095907 -0.03013300524886607367 -0.00269730931458121017 0.10591697687816055578 -0.02482815370652073816 -0.0043238464751566571 -0.00731742825797367265 -0.001501426541402425726471 
-0.01399695868262330799 -0.00248669514105513463 0.03479408572395875907 0.00106184690109303233 -0.00625862702662257017 0.02373306883218350578 0.00710835727765500584 -0.0073438946728698301 -0.00326782185883824365 0.013976317755691196273529 
0.02918393853913220201 0.00809205690144478637 0.01740768371420389907 -0.01159372693760079367 0.00129879193330666583 0.02496459592577956578 0.00717339475550161584 0.0007461240554467709 0.00180421419254935535 0.035095506793265306273529 
0.01089119287825789201 0.00774271153557830537 -0.03683401918543656093 -0.05243824533653294367 0.00113869774289986283 -0.04523244840919579422 0.00314126941400528584 -0.0162794036083787691 -0.00622495348128836965 0.007652406941525322273529 
0.01356319417206904201 0.01467020818823322937 -0.00005220677051728893 0.02029965012293449633 0.00016104836663661543 -0.07324968978850614422 -0.00898828736543347616 -0.0032913936143807471 0.00979149325804993835 0.010849119168530226273529 
0.01830775211045958201 -0.00170069444089064663 0.01634223938176803907 -0.02487975136773075367 0.00665495056423478083 0.00512332608450972578 0.00007823277161481384 -0.0012893735581077511 0.00076444852321937435 -0.027297904221956283726471 
0.02738599271043931201 0.00298279448006657537 0.02252688551176412907 -0.00420132823023253867 -0.00204969810081825117 0.13470485566603925578 0.02580890203092551184 -0.0134157354262070391 0.00894492981486783835 -0.020801938106926723726471 
0.01850995482944082201 -0.00509249827223096163 -0.03656871833240090093 -0.00183201050625100167 -0.00781862715703203917 -0.06247382771954062422 0.01008723977460979184 0.0148783275493523909 0.00183328003706784835 -0.027443082739683613726471 
0.00511611918198454801 -0.01381846156559844063 0.00608137563425155627 -0.00386010427100837267 0.00219849804651125383 -0.09011476915358550422 0.00511852483610633484 -0.0201505324795076391 -0.01237815700291294165 0.002140766455571785273529 
-0.02225269720498307799 -0.01124728172962933063 -0.01031185711059658093 -0.01219306265668237367 0.00532967658841325783 -0.01074968978850614422 0.00008429327972781384 -0.0003053180517882381 -0.02112462404133629165 -0.014413638557665033726471 
-0.00623831179695442499 -0.00912923033195672263 -0.05864438614608110093 0.01102028590442507533 -0.00252097721330426517 -0.04151892055773691422 0.00210959580101030884 -0.0012983647467428886 0.01800672500570926835 0.003546131557277492273529 
-0.00363095330111923899 -0.00123543644579874443 0.02945549494671910907 -0.01397179216027868367 -0.00380884746491699817 -0.04060043605716286422 -0.00495196861807292016 -0.001297373686109799 -0.02016714727422843165 0.028779011237171466273529 
-0.00825541340619430599 0.00588196773935063737 -0.01003837693632817093 -0.00868655432807222367 -0.00032957537954081917 -0.01074968978850614422 0.00719805617476629484 -0.0032884144979866696 -0.00325073529832267195 0.014513564507469066273529 
-0.01080138661406375799 -0.00206286501628187263 -0.00435653163025006793 0.01467448582030723533 -0.00202665643804598117 -0.05360683264564900422 -0.00193797001936267816 -0.0227612258796747191 -0.00026466764052444165 -0.027616612331582843726471 
-0.00159260746879907999 0.02797060068200124937 -0.00400012918382532993 -0.00615112093248351367 -0.00057222198466661574 -0.01074968978850614422 0.00417306872282406284 0.0155637532347780809 -0.00125969053995364405 -0.011827854866300113726471 
-0.00159089200284421799 -0.00773495368713437163 -0.01210864221717772093 -0.01375776482221806367 -0.00307020043250795217 0.03402642961447892578 -0.01598401220025663816 0.0210568641847418209 -0.00918739258234133265 -0.008804946553302255726471 
-0.01953744719173586799 -0.01198484610269540063 0.01276961479055928707 -0.01008137013699000367 0.00534467581861448483 -0.09294147061042394422 0.00008125388922692284 0.0110810959743430409 0.01963384775064718835 -0.005851337705188517726471 
0.02742249400884264201 -0.00942633402834977963 -0.01618552106896920093 0.02124452079826349633 -0.00733412539989474417 0.00440182536300900578 0.00412673381410383284 -0.0134836235999843091 0.02012376844220465835 0.006528319243565830273529 
0.04307657699972493201 -0.00103978468526360193 -0.01032530564406763093 0.01099466629219128933 0.00241508038536464883 0.07121752332624794578 -0.01682834380101353816 -0.0033096497849664051 0.00906017291494913835 0.023123086353422016273529 
-0.01049997513051016799 -0.00144757185484078363 0.01153206692579274307 0.00656650214029648353 0.00031658855225783263 0.07853602449720814578 0.00608323577060578884 0.0069373796084044529 0.01111778608367341835 0.002952678283914173273529 
-0.00299938278363183399 -0.00083478515009055533 0.00095457174191306907 0.00435126816529663533 0.00773667894467361083 -0.01074968978850614422 0.00108224681776126884 0.0175810873650829209 0.01554434760738444835 0.005229234052751683273529 
-0.00492698152573390799 0.00039062179856649487 -0.00301703544512514293 0.03313436438857433633 0.00549119883740930183 -0.13574968978850614422 -0.00789588279018607816 0.0223582716852450809 0.02132315043337502835 -0.001550713361121096726471 
-0.00226874644617142499 -0.00550783938216380063 0.00961834895267001307 -0.00837684515771097367 -0.00204612788627795217 -0.10934123908428078422 0.00508825281169497384 0.0197573270259262909 0.00748356022722533835 0.004489324926579236273529 
0.00170871854062309201 -0.00022645853714286553 -0.00066042645090191793 0.01304396703258381533 0.00312194250538796883 0.04895180274880728578 -0.00192477223740221916 -0.0066841689857017711 -0.00774517371720564265 -0.000045822465711013726471 
0.01445344053679101201 0.00784459316374729437 0.01165041279824206707 0.00112362816229928033 -0.00155787486976144517 0.08358993285300329578 0.00208827695636986584 -0.0099186619535194631 -0.00879977475839972365 -0.010517026654192693726471 
0.01329574103938537201 0.01079337167156239937 -0.00203521814261228693 -0.00664963929974670367 -0.00983722135416339817 0.11690988467957895578 -0.00192678026348246216 -0.0173148488498325891 -0.02150803641143012165 -0.004513432294452636726471 
-0.01566660686389939799 -0.01430704550940914063 -0.00197921963192378893 -0.01125373636959719367 0.00172114371770111083 0.19437851533969895578 -0.00292577323840322016 0.0052741779452027879 0.01184308356722589835 -0.021895786049105043726471 
0.02720941745542389201 -0.00623583344095054263 0.01197930038355114607 0.03406851032789507633 -0.01339886916407447417 -0.01074968978850614422 -0.00092377123640121816 0.0077624762994229309 0.00666191810123538635 0.004286307498187903273529 
-0.01850061496106537799 0.01710301707699190937 -0.00221816816953900093 0.02383584410632986633 -0.00464046698767322717 0.04330436426554791578 -0.00092377123640121816 -0.0067427778314860251 -0.00669621116675249265 -0.007925478626169466726471 
-0.01490965105375209799 0.03132950769793160937 -0.00411097189122931193 -0.00253230979827204667 0.01219600095070137583 -0.03706547926219035422 -0.00192377123640121816 -0.0111136762816812071 -0.00667658901579683265 0.003548713839105665273529 
0.01524805578607723201 0.02105573855221919937 -0.01475516511509413093 0.03026301598113800633 0.00400387340615726883 -0.03639071542953178422 -0.00092377123640121816 0.0114838778862460109 0.01345598286631464835 -0.005052975541533617726471 
0.00242620080236798901 -0.00414807972502257063 0.03656413165929263907 0.01608272441396255633 -0.01060469557005427417 0.07258364354482718578 0.01637022672901079184 -0.0045843403669237711 0.02070541300131691835 0.002823617993399460273529 
-0.00834109154644317499 0.00974595147949536937 0.01974031302200249907 0.01458790298197592733 -0.00899455547118599917 0.11425031021149385578 -0.01693978725241723816 -0.0011466006315390911 -0.00110727422567807965 -0.006460647839909160726471 
0.02028003730755629201 0.02730073415811705937 0.02904162252823003907 -0.02248257123385945367 0.01482051309374357583 0.05591697687816052578 -0.00092377123640121816 -0.0045817191418155801 -0.00455027749468577765 -0.020297219113755703726471 
0.00384739599490732101 0.00620809881359427237 0.01839594539856510907 0.01835833392043919633 -0.00228179154497336717 0.02373306883218350578 -0.00192377123640121816 -0.0193194963193000791 0.00003951173840073035 -0.012459615569159293726471 
-0.00096974938849996399 0.01443299242689726937 0.02309371901805903907 0.03018730755969666633 0.00763065032115592983 -0.04199968978850614422 0.01019857456744104184 0.0211807887813910909 0.00005543921528929835 0.020362340799595106273529 
-0.00370899627709072499 0.02651671369598500937 0.01691221897050419907 0.02416759417986626633 0.00861528717032453183 0.05591697687816052578 -0.00294193470764238916 -0.0150396236895721991 0.01062386254785552835 0.022256335807670286273529 
-0.00301609947654989999 0.00340304496363513837 0.01380938209107157207 0.00249312774223041633 0.00183203167249821183 0.10036142132260495578 -0.00193183575253025016 -0.0091978775395109241 -0.01153744197243115265 0.005742889545866410273529 
0.04771227786169020201 0.01556958358304985937 0.03358849855693502907 0.02504321521069725633 0.00283885361449850583 0.11425031021149385578 -0.00493983549342933016 -0.0056832201308393551 -0.01598667662973920165 -0.045436883918224983726471 
0.00403766294836178101 0.02543124362875581937 0.02960547020001956907 0.01686926888799561633 0.00100944854907454983 -0.01074968978850614422 0.03637461586037298184 -0.0067928271926684911 -0.01132699429761490065 0.004866458236043372273529 
-0.00028199147928400799 0.00306647540290021737 0.03395884627606874907 0.02595930763612252633 0.00176496615218246283 0.03272857108105907578 0.00210653179390181184 0.0056431183141431569 -0.00564653002150897765 -0.000045822465711013726471 
-0.00813913433642686599 0.00107271180565692337 0.00070478858372757307 0.00440133946246978433 0.00277846488039903683 -0.05241635645517280422 0.00619728674935666584 -0.0011583158425690921 -0.00787467704112428865 -0.001423232934030572726471 
-0.00099576735365945409 -0.00067635120967528093 0.01732575974039719907 0.02298824325053367633 -0.00665757978223831717 -0.01074968978850614422 0.01352411318052344184 0.0011234668696625559 0.00681359527154609735 0.010392590895458086273529 
-0.00454638380337782499 -0.01398001318719411063 0.02975076752624030907 0.03112760241063354633 0.00545995610625602583 -0.01074968978850614422 0.01161541371657684184 0.0069020126764857959 0.00115239139605650735 0.012639166963464466273529 
-0.00873865109873432499 0.00080711551423934537 0.01416388578589881407 -0.01076749337654221367 0.00152436339616275483 -0.01074968978850614422 -0.02721295222730111816 -0.0223156365634103891 0.00460828904531800035 0.003490245426792522273529 
0.01397317601893409201 0.00478179476417766237 0.04147853168759546907 -0.02494410843977555367 0.00734741322716643983 -0.01074968978850614422 0.00952554955774716184 -0.0011798038762623291 -0.01782955824495876165 0.010676121780178906273529 
-0.00806134084279178699 0.00685989359164834937 -0.01489488465667344093 -0.00861750249604081367 -0.00141774275111371837 -0.01074968978850614422 -0.00508610214170819016 0.0358568993949762609 0.00333614165027656035 -0.021337031256919803726471 
0.00326914488435235601 -0.00889689233098925263 0.00051978053616389507 0.00965460022102045033 0.00077332851896704883 -0.01074968978850614422 -0.02528925346990375816 -0.0103209125581445961 -0.01711384237017726165 -0.009569631989520538726471 
0.00903700493648660201 0.00132040428085680737 0.01045408682508816607 0.00441882769006363533 -0.00635898773280516417 -0.01074968978850614422 -0.00092377123640121816 -0.0136312581030903991 -0.01131672216309102765 -0.008649396257901616726471 
-0.02543922418368652799 -0.00366036941492681463 -0.02352594157493165093 -0.01574977755505818367 0.00625962789068064083 -0.01074968978850614422 -0.00292577323840322016 0.0045559254461283709 0.00919805420976055835 -0.000707198127086675026471 
0.01174063935522801201 -0.01383136430642109063 -0.00311596898062096293 0.00030056895902719533 -0.00636046360119734117 -0.01074968978850614422 -0.00192377123640121816 0.0282948456717528709 0.02480212401637735835 -0.002684344893151646726471 
-0.00028199147928400799 -0.00042653856915567063 0.00547604875773823907 0.00558128046541963633 -0.00049142696164003417 -0.01074968978850614422 -0.00092377123640121816 -0.0022933896223647791 -0.00225669951303440165 -0.000045822465711013726471 